1981 156.05231 164.99568 318.21471 296.65501 315.98381 499.0501 316.67479 271.32657 227.57379 193.06333 267.4708 243.26917
1982 212.8772 367.9182 330.59868 416.93142 332.87417 464.1553 305.53076 259.15506 308.74199 314.23953 280.803 203.19255
1983 282.49847 207.78927 316.7202 425.6721 354.3705 299.90162 388.68475 302.80563 313.0123 283.66322 213.06493 266.49957
1984 266.2292 335.30121 248.38118 237.53379 423.10723 523.5838 304.94669 252.0517 280.63667 262.72429 267.11841 125.93348
1985 40.405976 196.39621 156.26513 228.76407 299.33603 299.64445 335.22443 254.51375 312.75417 238.518246 141.52224 71.47555
1986 156.13373 158.71753 334.09084 272.79191 337.66551 350.51496 324.42681 221.4912 240.29253 342.95984 236.67247 189.02419
1987 269.22786 414.1343 236.63703 256.9137 235.49159 419.5561 362.61558 174.05894 227.4458 291.80218 239.56127 91.57414
1988 150.99653 190.68867 156.16533 385.43108 397.0252 368.84094 214.79854 197.84241 276.5743 352.99923 292.30039 200.63876
1989 323.26765 158.14941 464.9435 294.88383 414.81647 801.8642 387.27963 363.42105 206.53911 347.49924 236.97381 62.68448
1990 192.5436 119.23636 261.55751 197.04613 277.97644 260.9512 231.89857 188.8528 187.21297 290.2868 178.35482 162.76242
1991 44.34779 124.62764 240.43464 253.55115 215.93912 390.77685 310.20946 131.69312 188.67671 225.656058 200.43814 59.22787
1992 45.28665 145.4573 334.87645 248.31164 367.38262 249.4148 339.59739 332.80852 252.18454 183.2852 309.99393 316.57238
1993 262.77031 257.3656 407.26114 342.21982 347.55313 264.46948 278.16999 228.63504 332.81812 291.20949 289.05883 156.80788
1994 157.61465 165.98905 235.06852 337.19416 538.3473 469.11041 379.08315 137.60708 239.79938 238.29813 199.60594 158.24149
1995 161.803 142.09184 316.98936 336.80228 378.71165 474.22364 268.0617 210.3667 208.83926 313.92469 165.56102 174.09786
1996 275.15793 261.75562 240.39938 273.91362 474.6455 280.52058 329.50829 184.03662 187.79745 272.32706 134.80879 240.228
1997 94.3919 231.68743 215.63121 297.84727 354.93921 356.25 243.28443 232.56463 173.44735 189.85076 253.28834 234.46111
1998 307.89333 167.34493 357.13813 346.31613 271.2357 508.3623 371.2722 199.55211 283.71314 256.71147 266.52875 177.37743
1999 349.27866 368.7986 272.18686 399.78785 338.68627 474.2352 265.47313 240.71654 362.47708 317.46178 244.32107 190.2585
2000 158.35051 238.31905 274.27621 313.81725 513.3889 554.3476 352.42647 334.22786 198.85641 221.56797 190.60246 159.73664
2001 155.22799 136.79956 294.51993 217.04662 370.83449 562.22288 319.97956 186.77461 252.71619 235.76368 205.71668 259.48579
2002 155.32467 155.6799 369.04871 304.82882 424.95028 490.44072 330.30954 204.52016 219.86879 298.21395 246.1473 166.01731
2003 108.11555 225.0899 339.78909 390.1606 465.046 506.7789 289.34037 276.75147 278.42434 350.54349 214.40576 278.49129
2004 153.49956 123.07613 433.5249 374.03354 460.8957 449.27792 604.7786 291.87432 191.21126 243.6809 235.63073 163.22163
2005 149.8139 169.61908 258.74782 364.66908 370.28419 309.68124 328.91463 261.90516 235.68451 270.81915 215.70826 217.46329
2006 203.37283 156.50187 296.51213 296.11096 262.63003 447.90834 298.86915 272.41337 240.73644 284.50254 355.80183 200.14612
2007 241.57705 83.89743 320.20532 361.7428 326.44608 512.52873 393.13708 279.27761 206.55586 394.09303 306.6181 227.00924
2008 247.75381 315.16738 242.12009 350.24397 432.03035 368.93669 302.96231 275.17217 310.68612 398.7189 287.93442 124.00641
2009 335.86625 217.86437 313.17703 369.30895 310.25287 379.38369 273.31096 239.36851 210.70329 231.85198 274.2267 192.03495
2010 156.86236 212.64763 372.63731 334.17576 233.84192 397.5884 241.91623 132.39787 191.76845 243.93728 203.0312 282.90995
2011 153.7847 210.91586 298.92691 321.51878 296.42801 459.0045 376.56719 228.89589 227.42686 231.21414 253.43709 282.24601
2012 197.8977 174.65844 364.69356 273.86406 286.29349 328.72815 398.27299 303.63727 183.44994 266.07299 215.21994 240.65682
2013 183.82219 282.26356 361.28942 297.46004 338.82344 500.30476 435.99033 295.23987 231.07185 201.63772 255.92095 125.61667
2014 213.60278 180.66194 334.61132 170.60501 557.9348 337.36067 NA NA NA NA NA NA
